selecao	aleatorio1/aleatorio/100000.txt	100000	5	5000050000	99982	13.122669
insercao	aleatorio1/aleatorio/100000.txt	100000	5	2501099056	2500999070	11.189239
concha	aleatorio1/aleatorio/100000.txt	100000	5	4260005	2810275	0.029580
quick	aleatorio1/aleatorio/100000.txt	100000	5	2738544	356526	0.014453
heap	aleatorio1/aleatorio/100000.txt	100000	5	188105	74578	0.001829
selecao	aleatorio2/aleatorio/100000_.txt	100000	5	5000050000	99983	13.233503
insercao	aleatorio2/aleatorio/100000_.txt	100000	5	2496486130	2496386147	9.477077
concha	aleatorio2/aleatorio/100000_.txt	100000	5	4468077	3018446	0.031099
quick	aleatorio2/aleatorio/100000_.txt	100000	5	2680068	360201	0.018697
heap	aleatorio2/aleatorio/100000_.txt	100000	5	188261	74416	0.001890
selecao	invertido/invertido/100000.txt	100000	5	5000050000	50001	14.071537
insercao	invertido/invertido/100000.txt	100000	5	4999950000	4999949999	19.155136
concha	invertido/invertido/100000.txt	100000	5	2244584	844559	0.010084
quick	invertido/invertido/100000.txt	100000	5	5000000000	50000	12.980152
heap	invertido/invertido/100000.txt	100000	5	199978	99990	0.001168
selecao	ordenado/ordenado/100000.txt	100000	5	5000050000	0	13.597312
insercao	ordenado/ordenado/100000.txt	100000	5	99999	0	0.000711
concha	ordenado/ordenado/100000.txt	100000	5	1500006	0	0.011228
quick	ordenado/ordenado/100000.txt	100000	5	4999950000	0	12.781918
heap	ordenado/ordenado/100000.txt	100000	5	99999	0	0.000502
selecao	quase-ordenado/quase-ordenado/100000.txt	100000	5	5000050000	99799	13.590979
insercao	quase-ordenado/quase-ordenado/100000.txt	100000	5	200179	100181	0.000976
concha	quase-ordenado/quase-ordenado/100000.txt	100000	5	1600100	100112	0.006971
quick	quase-ordenado/quase-ordenado/100000.txt	100000	5	4995216271	99797	12.793880
heap	quase-ordenado/quase-ordenado/100000.txt	100000	5	100033	18	0.000480
concha	aleatorio1/aleatorio/1000000.txt	1000000	5	68801115	51303260	0.445814
quick	aleatorio1/aleatorio/1000000.txt	1000000	5	33747510	4330585	0.177872
heap	aleatorio1/aleatorio/1000000.txt	1000000	5	1880546	743399	0.022594
concha	aleatorio2/aleatorio/1000000_.txt	1000000	5	69708699	52210569	0.475070
quick	aleatorio2/aleatorio/1000000_.txt	1000000	5	32664289	4369047	0.183475
heap	aleatorio2/aleatorio/1000000_.txt	1000000	5	1881750	744526	0.020719
concha	invertido/invertido/1000000.txt	1000000	5	26357461	9357435	0.123348
heap	invertido/invertido/1000000.txt	1000000	5	1999974	999988	0.013394
insercao	ordenado/ordenado/1000000.txt	1000000	5	999999	0	0.006743
concha	ordenado/ordenado/1000000.txt	1000000	5	18000007	0	0.106913
heap	ordenado/ordenado/1000000.txt	1000000	5	999999	0	0.005042
insercao	quase-ordenado/quase-ordenado/1000000.txt	1000000	5	1998629	998630	0.009661
concha	quase-ordenado/quase-ordenado/1000000.txt	1000000	5	18998154	998165	0.089253
heap	quase-ordenado/quase-ordenado/1000000.txt	1000000	5	1000035	19	0.005056
heap	aleatorio1/aleatorio/10000000.txt	10000000	5	18815046	7440486	0.245744
quick	aleatorio1/aleatorio/10000000.txt	10000000	5	386308143	51581141	2.100639
heap	aleatorio2/aleatorio/10000000_.txt	10000000	5	18813357	7439901	0.237662
quick	aleatorio2/aleatorio/10000000_.txt	10000000	5	395307234	51006415	2.101161
concha	invertido/invertido/10000000.txt	10000000	5	317626207	107626164	1.517619
heap	invertido/invertido/10000000.txt	10000000	5	19999970	9999986	0.174580
concha	aleatorio1/aleatorio/10000000.txt	10000000	5	1082003486	867018142	6.971150
insercao	ordenado/ordenado/10000000.txt	10000000	5	9999999	0	0.067091
heap	ordenado/ordenado/10000000.txt	10000000	5	9999999	0	0.051741
concha	aleatorio2/aleatorio/10000000_.txt	10000000	5	1057315618	842331590	6.876903
concha	ordenado/ordenado/10000000.txt	10000000	5	220000008	0	1.108828
insercao	quase-ordenado/quase-ordenado/10000000.txt	10000000	5	20001340	10001342	0.098611
heap	quase-ordenado/quase-ordenado/10000000.txt	10000000	5	10000049	26	0.049695
concha	quase-ordenado/quase-ordenado/10000000.txt	10000000	5	229985879	9985896	1.260971
